222222222222222222222222222222220
222222222222222222222222222222220
222222222222222222000022222222220
222222222222222222000022222222220
222222222222222222011122222222220
222222222222222222010122222222220
222200002222222222222222222222220
222211002222222222222222222222220
222222100022222222222200002222220
222222110022222222222200002222220
222222221000222222222201110022220
222222221110222222222211111022220
222222222211000022222211112222220
222222222211100022222201112222220
222222222222111022222222222222220
222222222222111022222222222222220
222222222222000000220000002222220
222222222222011100220111112222220
222222222222011122220111112222220
222222222222011122220111112222220
222222222222222222222222222222220
222222222222222222222222222222220
222222222222222222222222222222220
222222222222222222222222222222220
222222222222222222222222222222220
222222222222222222222222222222220
000000000000000000000000000000000
